0.6631250	0.6616270	0.6697610	0.6755030	0.6797620	0.6795360	0.6578870	0.6636320	0.7037380	0.6782600
0.0872910	0.0905200	0.0852770	0.0879360	0.0881960	0.0914810	0.0849600	0.0853020	0.0834350	0.0912590
0.1497800	0.1591310	0.1547080	0.1411980	0.1585350	0.1481890	0.1408820	0.1439110	0.1576280	0.1576270
0.0007090	0.0005700	0.0006190	0.0007740	0.0006470	0.0006070	0.0007760	0.0006270	0.0008310	0.0005950
0.1089890	0.1131260	0.1030680	0.1144490	0.1116980	0.1137090	0.1029540	0.1052310	0.1057520	0.1023610
0.0875590
0.2545840
0.0000670
0.6518010
0.0043110
0.0008260
