0.9992600	0.9989830	0.9995370	0.9995370	0.9987980	0.9996300	0.9992600	0.9997220	0.9993520	0.9991680
0.9923010	0.9946170	0.9927370	0.9921450	0.9945540	0.9909480	0.9931910	0.9913280	0.9939330	0.9913500
0.8482070	0.8365370	0.8241440	0.8362480	0.8282720	0.8398760	0.8301570	0.8364530	0.8324310	0.8342460
0.0358540	0.0253240	0.0294630	0.0393240	0.0317490	0.0292350	0.0394430	0.0309500	0.0466620	0.0276070
0.9967590	0.9988810	0.9990980	0.9990500	0.9979950	0.9981990	0.9984260	0.9989880	0.9980760	0.9986470
0.8678740
0.3016180
0.0570310
0.6706950
0.8868960
0.7707890
