0.0091370	0.0101590	0.0094900	0.0100970	0.0100840	0.0085960	0.0095320	0.0104380	0.0095870	0.0096160
0.0035670	0.0036590	0.0035010	0.0035620	0.0035840	0.0036650	0.0035160	0.0034680	0.0034870	0.0036560
0.0030470	0.0032270	0.0031850	0.0029240	0.0032730	0.0030350	0.0029090	0.0028860	0.0032060	0.0031910
0.0001140	0.0001060	0.0001110	0.0001190	0.0001110	0.0001090	0.0001190	0.0001110	0.0001230	0.0001080
0.0038460	0.0039450	0.0037390	0.0039530	0.0038700	0.0039960	0.0037400	0.0037840	0.0038150	0.0037130
0.0052990
0.0239430
0.0000670
0.0182290
0.0006300
0.0002580
