0.0012810	0.0012260	0.0013230	0.0013400	0.0014430	0.0013780	0.0013690	0.0012040	0.0016880	0.0016490
0.0001080	0.0001010	0.0001000	0.0001000	0.0000990	0.0000990	0.0000950	0.0000960	0.0001030	0.0001000
0.5604270	0.5887920	0.5705790	0.5464830	0.5856060	0.5664310	0.5609990	0.5640980	0.5773710	0.5757210
0.0006740	0.0005370	0.0006300	0.0007630	0.0006140	0.0005980	0.0007310	0.0006280	0.0008250	0.0005830
0.0012680	0.0012660	0.0010150	0.0012640	0.0010460	0.0012150	0.0010560	0.0009440	0.0009910	0.0012130
0.0028390
0.2342530
0.0000760
0.6191230
0.0007640
0.0001520