0.1761660	0.1754570	0.1747560	0.1761300	0.1752940	0.1753780	0.1769360	0.1749650	0.1739100	0.1742630
0.2732910	0.2798650	0.2671220	0.2613840	0.2679600	0.2704440	0.2679190	0.2620170	0.2728280	0.2586190
0.0044180	0.0038130	0.0041050	0.0044290	0.0038420	0.0042610	0.0044090	0.0046040	0.0041680	0.0038980
0.0049190	0.0042490	0.0045170	0.0050660	0.0047560	0.0045120	0.0050760	0.0046620	0.0057090	0.0043150
0.4019300	0.3905380	0.4027110	0.4036630	0.3840170	0.3952240	0.3998790	0.3972510	0.4046650	0.4059980
0.5267640
0.0289520
0.0528970
0.0043120
0.6584100
0.6069790
